00000000000, 000000000000000
10000000000, 111000000000000
01000000000, 100110000000000
11000000000, 011110000000000
00100000000, 010101000000000
10100000000, 101101000000000
01100000000, 110011000000000
11100000000, 001011000000000
00010000000, 110100100000000
10010000000, 001100100000000
01010000000, 010010100000000
11010000000, 101010100000000
00110000000, 100001100000000
10110000000, 011001100000000
01110000000, 000111100000000
11110000000, 111111100000000
00001000000, 100000011000000
10001000000, 011000011000000
01001000000, 000110011000000
11001000000, 111110011000000
00101000000, 110101011000000
10101000000, 001101011000000
01101000000, 010011011000000
11101000000, 101011011000000
00011000000, 010100111000000
10011000000, 101100111000000
01011000000, 110010111000000
11011000000, 001010111000000
00111000000, 000001111000000
10111000000, 111001111000000
01111000000, 100111111000000
11111000000, 011111111000000
00000100000, 010000010100000
10000100000, 101000010100000
01000100000, 110110010100000
11000100000, 001110010100000
00100100000, 000101010100000
10100100000, 111101010100000
01100100000, 100011010100000
11100100000, 011011010100000
00010100000, 100100110100000
10010100000, 011100110100000
01010100000, 000010110100000
11010100000, 111010110100000
00110100000, 110001110100000
10110100000, 001001110100000
01110100000, 010111110100000
11110100000, 101111110100000
00001100000, 110000001100000
10001100000, 001000001100000
01001100000, 010110001100000
11001100000, 101110001100000
00101100000, 100101001100000
10101100000, 011101001100000
01101100000, 000011001100000
11101100000, 111011001100000
00011100000, 000100101100000
10011100000, 111100101100000
01011100000, 100010101100000
11011100000, 011010101100000
00111100000, 010001101100000
10111100000, 101001101100000
01111100000, 110111101100000
11111100000, 001111101100000
00000010000, 110000010010000
10000010000, 001000010010000
01000010000, 010110010010000
11000010000, 101110010010000
00100010000, 100101010010000
10100010000, 011101010010000
01100010000, 000011010010000
11100010000, 111011010010000
00010010000, 000100110010000
10010010000, 111100110010000
01010010000, 100010110010000
11010010000, 011010110010000
00110010000, 010001110010000
10110010000, 101001110010000
01110010000, 110111110010000
11110010000, 001111110010000
00001010000, 010000001010000
10001010000, 101000001010000
01001010000, 110110001010000
11001010000, 001110001010000
00101010000, 000101001010000
10101010000, 111101001010000
01101010000, 100011001010000
11101010000, 011011001010000
00011010000, 100100101010000
10011010000, 011100101010000
01011010000, 000010101010000
11011010000, 111010101010000
00111010000, 110001101010000
10111010000, 001001101010000
01111010000, 010111101010000
11111010000, 101111101010000
00000110000, 100000000110000
10000110000, 011000000110000
01000110000, 000110000110000
11000110000, 111110000110000
00100110000, 110101000110000
10100110000, 001101000110000
01100110000, 010011000110000
11100110000, 101011000110000
00010110000, 010100100110000
10010110000, 101100100110000
01010110000, 110010100110000
11010110000, 001010100110000
00110110000, 000001100110000
10110110000, 111001100110000
01110110000, 100111100110000
11110110000, 011111100110000
00001110000, 000000011110000
10001110000, 111000011110000
01001110000, 100110011110000
11001110000, 011110011110000
00101110000, 010101011110000
10101110000, 101101011110000
01101110000, 110011011110000
11101110000, 001011011110000
00011110000, 110100111110000
10011110000, 001100111110000
01011110000, 010010111110000
11011110000, 101010111110000
00111110000, 100001111110000
10111110000, 011001111110000
01111110000, 000111111110000
11111110000, 111111111110000
00000001000, 000100010001000
10000001000, 111100010001000
01000001000, 100010010001000
11000001000, 011010010001000
00100001000, 010001010001000
10100001000, 101001010001000
01100001000, 110111010001000
11100001000, 001111010001000
00010001000, 110000110001000
10010001000, 001000110001000
01010001000, 010110110001000
11010001000, 101110110001000
00110001000, 100101110001000
10110001000, 011101110001000
01110001000, 000011110001000
11110001000, 111011110001000
00001001000, 100100001001000
10001001000, 011100001001000
01001001000, 000010001001000
11001001000, 111010001001000
00101001000, 110001001001000
10101001000, 001001001001000
01101001000, 010111001001000
11101001000, 101111001001000
00011001000, 010000101001000
10011001000, 101000101001000
01011001000, 110110101001000
11011001000, 001110101001000
00111001000, 000101101001000
10111001000, 111101101001000
01111001000, 100011101001000
11111001000, 011011101001000
00000101000, 010100000101000
10000101000, 101100000101000
01000101000, 110010000101000
11000101000, 001010000101000
00100101000, 000001000101000
10100101000, 111001000101000
01100101000, 100111000101000
11100101000, 011111000101000
00010101000, 100000100101000
10010101000, 011000100101000
01010101000, 000110100101000
11010101000, 111110100101000
00110101000, 110101100101000
10110101000, 001101100101000
01110101000, 010011100101000
11110101000, 101011100101000
00001101000, 110100011101000
10001101000, 001100011101000
01001101000, 010010011101000
11001101000, 101010011101000
00101101000, 100001011101000
10101101000, 011001011101000
01101101000, 000111011101000
11101101000, 111111011101000
00011101000, 000000111101000
10011101000, 111000111101000
01011101000, 100110111101000
11011101000, 011110111101000
00111101000, 010101111101000
10111101000, 101101111101000
01111101000, 110011111101000
11111101000, 001011111101000
00000011000, 110100000011000
10000011000, 001100000011000
01000011000, 010010000011000
11000011000, 101010000011000
00100011000, 100001000011000
10100011000, 011001000011000
01100011000, 000111000011000
11100011000, 111111000011000
00010011000, 000000100011000
10010011000, 111000100011000
01010011000, 100110100011000
11010011000, 011110100011000
00110011000, 010101100011000
10110011000, 101101100011000
01110011000, 110011100011000
11110011000, 001011100011000
00001011000, 010100011011000
10001011000, 101100011011000
01001011000, 110010011011000
11001011000, 001010011011000
00101011000, 000001011011000
10101011000, 111001011011000
01101011000, 100111011011000
11101011000, 011111011011000
00011011000, 100000111011000
10011011000, 011000111011000
01011011000, 000110111011000
11011011000, 111110111011000
00111011000, 110101111011000
10111011000, 001101111011000
01111011000, 010011111011000
11111011000, 101011111011000
00000111000, 100100010111000
10000111000, 011100010111000
01000111000, 000010010111000
11000111000, 111010010111000
00100111000, 110001010111000
10100111000, 001001010111000
01100111000, 010111010111000
11100111000, 101111010111000
00010111000, 010000110111000
10010111000, 101000110111000
01010111000, 110110110111000
11010111000, 001110110111000
00110111000, 000101110111000
10110111000, 111101110111000
01110111000, 100011110111000
11110111000, 011011110111000
00001111000, 000100001111000
10001111000, 111100001111000
01001111000, 100010001111000
11001111000, 011010001111000
00101111000, 010001001111000
10101111000, 101001001111000
01101111000, 110111001111000
11101111000, 001111001111000
00011111000, 110000101111000
10011111000, 001000101111000
01011111000, 010110101111000
11011111000, 101110101111000
00111111000, 100101101111000
10111111000, 011101101111000
01111111000, 000011101111000
11111111000, 111011101111000
00000000100, 100100010000100
10000000100, 011100010000100
01000000100, 000010010000100
11000000100, 111010010000100
00100000100, 110001010000100
10100000100, 001001010000100
01100000100, 010111010000100
11100000100, 101111010000100
00010000100, 010000110000100
10010000100, 101000110000100
01010000100, 110110110000100
11010000100, 001110110000100
00110000100, 000101110000100
10110000100, 111101110000100
01110000100, 100011110000100
11110000100, 011011110000100
00001000100, 000100001000100
10001000100, 111100001000100
01001000100, 100010001000100
11001000100, 011010001000100
00101000100, 010001001000100
10101000100, 101001001000100
01101000100, 110111001000100
11101000100, 001111001000100
00011000100, 110000101000100
10011000100, 001000101000100
01011000100, 010110101000100
11011000100, 101110101000100
00111000100, 100101101000100
10111000100, 011101101000100
01111000100, 000011101000100
11111000100, 111011101000100
00000100100, 110100000100100
10000100100, 001100000100100
01000100100, 010010000100100
11000100100, 101010000100100
00100100100, 100001000100100
10100100100, 011001000100100
01100100100, 000111000100100
11100100100, 111111000100100
00010100100, 000000100100100
10010100100, 111000100100100
01010100100, 100110100100100
11010100100, 011110100100100
00110100100, 010101100100100
10110100100, 101101100100100
01110100100, 110011100100100
11110100100, 001011100100100
00001100100, 010100011100100
10001100100, 101100011100100
01001100100, 110010011100100
11001100100, 001010011100100
00101100100, 000001011100100
10101100100, 111001011100100
01101100100, 100111011100100
11101100100, 011111011100100
00011100100, 100000111100100
10011100100, 011000111100100
01011100100, 000110111100100
11011100100, 111110111100100
00111100100, 110101111100100
10111100100, 001101111100100
01111100100, 010011111100100
11111100100, 101011111100100
00000010100, 010100000010100
10000010100, 101100000010100
01000010100, 110010000010100
11000010100, 001010000010100
00100010100, 000001000010100
10100010100, 111001000010100
01100010100, 100111000010100
11100010100, 011111000010100
00010010100, 100000100010100
10010010100, 011000100010100
01010010100, 000110100010100
11010010100, 111110100010100
00110010100, 110101100010100
10110010100, 001101100010100
01110010100, 010011100010100
11110010100, 101011100010100
00001010100, 110100011010100
10001010100, 001100011010100
01001010100, 010010011010100
11001010100, 101010011010100
00101010100, 100001011010100
10101010100, 011001011010100
01101010100, 000111011010100
11101010100, 111111011010100
00011010100, 000000111010100
10011010100, 111000111010100
01011010100, 100110111010100
11011010100, 011110111010100
00111010100, 010101111010100
10111010100, 101101111010100
01111010100, 110011111010100
11111010100, 001011111010100
00000110100, 000100010110100
10000110100, 111100010110100
01000110100, 100010010110100
11000110100, 011010010110100
00100110100, 010001010110100
10100110100, 101001010110100
01100110100, 110111010110100
11100110100, 001111010110100
00010110100, 110000110110100
10010110100, 001000110110100
01010110100, 010110110110100
11010110100, 101110110110100
00110110100, 100101110110100
10110110100, 011101110110100
01110110100, 000011110110100
11110110100, 111011110110100
00001110100, 100100001110100
10001110100, 011100001110100
01001110100, 000010001110100
11001110100, 111010001110100
00101110100, 110001001110100
10101110100, 001001001110100
01101110100, 010111001110100
11101110100, 101111001110100
00011110100, 010000101110100
10011110100, 101000101110100
01011110100, 110110101110100
11011110100, 001110101110100
00111110100, 000101101110100
10111110100, 111101101110100
01111110100, 100011101110100
11111110100, 011011101110100
00000001100, 100000000001100
10000001100, 011000000001100
01000001100, 000110000001100
11000001100, 111110000001100
00100001100, 110101000001100
10100001100, 001101000001100
01100001100, 010011000001100
11100001100, 101011000001100
00010001100, 010100100001100
10010001100, 101100100001100
01010001100, 110010100001100
11010001100, 001010100001100
00110001100, 000001100001100
10110001100, 111001100001100
01110001100, 100111100001100
11110001100, 011111100001100
00001001100, 000000011001100
10001001100, 111000011001100
01001001100, 100110011001100
11001001100, 011110011001100
00101001100, 010101011001100
10101001100, 101101011001100
01101001100, 110011011001100
11101001100, 001011011001100
00011001100, 110100111001100
10011001100, 001100111001100
01011001100, 010010111001100
11011001100, 101010111001100
00111001100, 100001111001100
10111001100, 011001111001100
01111001100, 000111111001100
11111001100, 111111111001100
00000101100, 110000010101100
10000101100, 001000010101100
01000101100, 010110010101100
11000101100, 101110010101100
00100101100, 100101010101100
10100101100, 011101010101100
01100101100, 000011010101100
11100101100, 111011010101100
00010101100, 000100110101100
10010101100, 111100110101100
01010101100, 100010110101100
11010101100, 011010110101100
00110101100, 010001110101100
10110101100, 101001110101100
01110101100, 110111110101100
11110101100, 001111110101100
00001101100, 010000001101100
10001101100, 101000001101100
01001101100, 110110001101100
11001101100, 001110001101100
00101101100, 000101001101100
10101101100, 111101001101100
01101101100, 100011001101100
11101101100, 011011001101100
00011101100, 100100101101100
10011101100, 011100101101100
01011101100, 000010101101100
11011101100, 111010101101100
00111101100, 110001101101100
10111101100, 001001101101100
01111101100, 010111101101100
11111101100, 101111101101100
00000011100, 010000010011100
10000011100, 101000010011100
01000011100, 110110010011100
11000011100, 001110010011100
00100011100, 000101010011100
10100011100, 111101010011100
01100011100, 100011010011100
11100011100, 011011010011100
00010011100, 100100110011100
10010011100, 011100110011100
01010011100, 000010110011100
11010011100, 111010110011100
00110011100, 110001110011100
10110011100, 001001110011100
01110011100, 010111110011100
11110011100, 101111110011100
00001011100, 110000001011100
10001011100, 001000001011100
01001011100, 010110001011100
11001011100, 101110001011100
00101011100, 100101001011100
10101011100, 011101001011100
01101011100, 000011001011100
11101011100, 111011001011100
00011011100, 000100101011100
10011011100, 111100101011100
01011011100, 100010101011100
11011011100, 011010101011100
00111011100, 010001101011100
10111011100, 101001101011100
01111011100, 110111101011100
11111011100, 001111101011100
00000111100, 000000000111100
10000111100, 111000000111100
01000111100, 100110000111100
11000111100, 011110000111100
00100111100, 010101000111100
10100111100, 101101000111100
01100111100, 110011000111100
11100111100, 001011000111100
00010111100, 110100100111100
10010111100, 001100100111100
01010111100, 010010100111100
11010111100, 101010100111100
00110111100, 100001100111100
10110111100, 011001100111100
01110111100, 000111100111100
11110111100, 111111100111100
00001111100, 100000011111100
10001111100, 011000011111100
01001111100, 000110011111100
11001111100, 111110011111100
00101111100, 110101011111100
10101111100, 001101011111100
01101111100, 010011011111100
11101111100, 101011011111100
00011111100, 010100111111100
10011111100, 101100111111100
01011111100, 110010111111100
11011111100, 001010111111100
00111111100, 000001111111100
10111111100, 111001111111100
01111111100, 100111111111100
11111111100, 011111111111100
00000000010, 010100010000010
10000000010, 101100010000010
01000000010, 110010010000010
11000000010, 001010010000010
00100000010, 000001010000010
10100000010, 111001010000010
01100000010, 100111010000010
11100000010, 011111010000010
00010000010, 100000110000010
10010000010, 011000110000010
01010000010, 000110110000010
11010000010, 111110110000010
00110000010, 110101110000010
10110000010, 001101110000010
01110000010, 010011110000010
11110000010, 101011110000010
00001000010, 110100001000010
10001000010, 001100001000010
01001000010, 010010001000010
11001000010, 101010001000010
00101000010, 100001001000010
10101000010, 011001001000010
01101000010, 000111001000010
11101000010, 111111001000010
00011000010, 000000101000010
10011000010, 111000101000010
01011000010, 100110101000010
11011000010, 011110101000010
00111000010, 010101101000010
10111000010, 101101101000010
01111000010, 110011101000010
11111000010, 001011101000010
00000100010, 000100000100010
10000100010, 111100000100010
01000100010, 100010000100010
11000100010, 011010000100010
00100100010, 010001000100010
10100100010, 101001000100010
01100100010, 110111000100010
11100100010, 001111000100010
00010100010, 110000100100010
10010100010, 001000100100010
01010100010, 010110100100010
11010100010, 101110100100010
00110100010, 100101100100010
10110100010, 011101100100010
01110100010, 000011100100010
11110100010, 111011100100010
00001100010, 100100011100010
10001100010, 011100011100010
01001100010, 000010011100010
11001100010, 111010011100010
00101100010, 110001011100010
10101100010, 001001011100010
01101100010, 010111011100010
11101100010, 101111011100010
00011100010, 010000111100010
10011100010, 101000111100010
01011100010, 110110111100010
11011100010, 001110111100010
00111100010, 000101111100010
10111100010, 111101111100010
01111100010, 100011111100010
11111100010, 011011111100010
00000010010, 100100000010010
10000010010, 011100000010010
01000010010, 000010000010010
11000010010, 111010000010010
00100010010, 110001000010010
10100010010, 001001000010010
01100010010, 010111000010010
11100010010, 101111000010010
00010010010, 010000100010010
10010010010, 101000100010010
01010010010, 110110100010010
11010010010, 001110100010010
00110010010, 000101100010010
10110010010, 111101100010010
01110010010, 100011100010010
11110010010, 011011100010010
00001010010, 000100011010010
10001010010, 111100011010010
01001010010, 100010011010010
11001010010, 011010011010010
00101010010, 010001011010010
10101010010, 101001011010010
01101010010, 110111011010010
11101010010, 001111011010010
00011010010, 110000111010010
10011010010, 001000111010010
01011010010, 010110111010010
11011010010, 101110111010010
00111010010, 100101111010010
10111010010, 011101111010010
01111010010, 000011111010010
11111010010, 111011111010010
00000110010, 110100010110010
10000110010, 001100010110010
01000110010, 010010010110010
11000110010, 101010010110010
00100110010, 100001010110010
10100110010, 011001010110010
01100110010, 000111010110010
11100110010, 111111010110010
00010110010, 000000110110010
10010110010, 111000110110010
01010110010, 100110110110010
11010110010, 011110110110010
00110110010, 010101110110010
10110110010, 101101110110010
01110110010, 110011110110010
11110110010, 001011110110010
00001110010, 010100001110010
10001110010, 101100001110010
01001110010, 110010001110010
11001110010, 001010001110010
00101110010, 000001001110010
10101110010, 111001001110010
01101110010, 100111001110010
11101110010, 011111001110010
00011110010, 100000101110010
10011110010, 011000101110010
01011110010, 000110101110010
11011110010, 111110101110010
00111110010, 110101101110010
10111110010, 001101101110010
01111110010, 010011101110010
11111110010, 101011101110010
00000001010, 010000000001010
10000001010, 101000000001010
01000001010, 110110000001010
11000001010, 001110000001010
00100001010, 000101000001010
10100001010, 111101000001010
01100001010, 100011000001010
11100001010, 011011000001010
00010001010, 100100100001010
10010001010, 011100100001010
01010001010, 000010100001010
11010001010, 111010100001010
00110001010, 110001100001010
10110001010, 001001100001010
01110001010, 010111100001010
11110001010, 101111100001010
00001001010, 110000011001010
10001001010, 001000011001010
01001001010, 010110011001010
11001001010, 101110011001010
00101001010, 100101011001010
10101001010, 011101011001010
01101001010, 000011011001010
11101001010, 111011011001010
00011001010, 000100111001010
10011001010, 111100111001010
01011001010, 100010111001010
11011001010, 011010111001010
00111001010, 010001111001010
10111001010, 101001111001010
01111001010, 110111111001010
11111001010, 001111111001010
00000101010, 000000010101010
10000101010, 111000010101010
01000101010, 100110010101010
11000101010, 011110010101010
00100101010, 010101010101010
10100101010, 101101010101010
01100101010, 110011010101010
11100101010, 001011010101010
00010101010, 110100110101010
10010101010, 001100110101010
01010101010, 010010110101010
11010101010, 101010110101010
00110101010, 100001110101010
10110101010, 011001110101010
01110101010, 000111110101010
11110101010, 111111110101010
00001101010, 100000001101010
10001101010, 011000001101010
01001101010, 000110001101010
11001101010, 111110001101010
00101101010, 110101001101010
10101101010, 001101001101010
01101101010, 010011001101010
11101101010, 101011001101010
00011101010, 010100101101010
10011101010, 101100101101010
01011101010, 110010101101010
11011101010, 001010101101010
00111101010, 000001101101010
10111101010, 111001101101010
01111101010, 100111101101010
11111101010, 011111101101010
00000011010, 100000010011010
10000011010, 011000010011010
01000011010, 000110010011010
11000011010, 111110010011010
00100011010, 110101010011010
10100011010, 001101010011010
01100011010, 010011010011010
11100011010, 101011010011010
00010011010, 010100110011010
10010011010, 101100110011010
01010011010, 110010110011010
11010011010, 001010110011010
00110011010, 000001110011010
10110011010, 111001110011010
01110011010, 100111110011010
11110011010, 011111110011010
00001011010, 000000001011010
10001011010, 111000001011010
01001011010, 100110001011010
11001011010, 011110001011010
00101011010, 010101001011010
10101011010, 101101001011010
01101011010, 110011001011010
11101011010, 001011001011010
00011011010, 110100101011010
10011011010, 001100101011010
01011011010, 010010101011010
11011011010, 101010101011010
00111011010, 100001101011010
10111011010, 011001101011010
01111011010, 000111101011010
11111011010, 111111101011010
00000111010, 110000000111010
10000111010, 001000000111010
01000111010, 010110000111010
11000111010, 101110000111010
00100111010, 100101000111010
10100111010, 011101000111010
01100111010, 000011000111010
11100111010, 111011000111010
00010111010, 000100100111010
10010111010, 111100100111010
01010111010, 100010100111010
11010111010, 011010100111010
00110111010, 010001100111010
10110111010, 101001100111010
01110111010, 110111100111010
11110111010, 001111100111010
00001111010, 010000011111010
10001111010, 101000011111010
01001111010, 110110011111010
11001111010, 001110011111010
00101111010, 000101011111010
10101111010, 111101011111010
01101111010, 100011011111010
11101111010, 011011011111010
00011111010, 100100111111010
10011111010, 011100111111010
01011111010, 000010111111010
11011111010, 111010111111010
00111111010, 110001111111010
10111111010, 001001111111010
01111111010, 010111111111010
11111111010, 101111111111010
00000000110, 110000000000110
10000000110, 001000000000110
01000000110, 010110000000110
11000000110, 101110000000110
00100000110, 100101000000110
10100000110, 011101000000110
01100000110, 000011000000110
11100000110, 111011000000110
00010000110, 000100100000110
10010000110, 111100100000110
01010000110, 100010100000110
11010000110, 011010100000110
00110000110, 010001100000110
10110000110, 101001100000110
01110000110, 110111100000110
11110000110, 001111100000110
00001000110, 010000011000110
10001000110, 101000011000110
01001000110, 110110011000110
11001000110, 001110011000110
00101000110, 000101011000110
10101000110, 111101011000110
01101000110, 100011011000110
11101000110, 011011011000110
00011000110, 100100111000110
10011000110, 011100111000110
01011000110, 000010111000110
11011000110, 111010111000110
00111000110, 110001111000110
10111000110, 001001111000110
01111000110, 010111111000110
11111000110, 101111111000110
00000100110, 100000010100110
10000100110, 011000010100110
01000100110, 000110010100110
11000100110, 111110010100110
00100100110, 110101010100110
10100100110, 001101010100110
01100100110, 010011010100110
11100100110, 101011010100110
00010100110, 010100110100110
10010100110, 101100110100110
01010100110, 110010110100110
11010100110, 001010110100110
00110100110, 000001110100110
10110100110, 111001110100110
01110100110, 100111110100110
11110100110, 011111110100110
00001100110, 000000001100110
10001100110, 111000001100110
01001100110, 100110001100110
11001100110, 011110001100110
00101100110, 010101001100110
10101100110, 101101001100110
01101100110, 110011001100110
11101100110, 001011001100110
00011100110, 110100101100110
10011100110, 001100101100110
01011100110, 010010101100110
11011100110, 101010101100110
00111100110, 100001101100110
10111100110, 011001101100110
01111100110, 000111101100110
11111100110, 111111101100110
00000010110, 000000010010110
10000010110, 111000010010110
01000010110, 100110010010110
11000010110, 011110010010110
00100010110, 010101010010110
10100010110, 101101010010110
01100010110, 110011010010110
11100010110, 001011010010110
00010010110, 110100110010110
10010010110, 001100110010110
01010010110, 010010110010110
11010010110, 101010110010110
00110010110, 100001110010110
10110010110, 011001110010110
01110010110, 000111110010110
11110010110, 111111110010110
00001010110, 100000001010110
10001010110, 011000001010110
01001010110, 000110001010110
11001010110, 111110001010110
00101010110, 110101001010110
10101010110, 001101001010110
01101010110, 010011001010110
11101010110, 101011001010110
00011010110, 010100101010110
10011010110, 101100101010110
01011010110, 110010101010110
11011010110, 001010101010110
00111010110, 000001101010110
10111010110, 111001101010110
01111010110, 100111101010110
11111010110, 011111101010110
00000110110, 010000000110110
10000110110, 101000000110110
01000110110, 110110000110110
11000110110, 001110000110110
00100110110, 000101000110110
10100110110, 111101000110110
01100110110, 100011000110110
11100110110, 011011000110110
00010110110, 100100100110110
10010110110, 011100100110110
01010110110, 000010100110110
11010110110, 111010100110110
00110110110, 110001100110110
10110110110, 001001100110110
01110110110, 010111100110110
11110110110, 101111100110110
00001110110, 110000011110110
10001110110, 001000011110110
01001110110, 010110011110110
11001110110, 101110011110110
00101110110, 100101011110110
10101110110, 011101011110110
01101110110, 000011011110110
11101110110, 111011011110110
00011110110, 000100111110110
10011110110, 111100111110110
01011110110, 100010111110110
11011110110, 011010111110110
00111110110, 010001111110110
10111110110, 101001111110110
01111110110, 110111111110110
11111110110, 001111111110110
00000001110, 110100010001110
10000001110, 001100010001110
01000001110, 010010010001110
11000001110, 101010010001110
00100001110, 100001010001110
10100001110, 011001010001110
01100001110, 000111010001110
11100001110, 111111010001110
00010001110, 000000110001110
10010001110, 111000110001110
01010001110, 100110110001110
11010001110, 011110110001110
00110001110, 010101110001110
10110001110, 101101110001110
01110001110, 110011110001110
11110001110, 001011110001110
00001001110, 010100001001110
10001001110, 101100001001110
01001001110, 110010001001110
11001001110, 001010001001110
00101001110, 000001001001110
10101001110, 111001001001110
01101001110, 100111001001110
11101001110, 011111001001110
00011001110, 100000101001110
10011001110, 011000101001110
01011001110, 000110101001110
11011001110, 111110101001110
00111001110, 110101101001110
10111001110, 001101101001110
01111001110, 010011101001110
11111001110, 101011101001110
00000101110, 100100000101110
10000101110, 011100000101110
01000101110, 000010000101110
11000101110, 111010000101110
00100101110, 110001000101110
10100101110, 001001000101110
01100101110, 010111000101110
11100101110, 101111000101110
00010101110, 010000100101110
10010101110, 101000100101110
01010101110, 110110100101110
11010101110, 001110100101110
00110101110, 000101100101110
10110101110, 111101100101110
01110101110, 100011100101110
11110101110, 011011100101110
00001101110, 000100011101110
10001101110, 111100011101110
01001101110, 100010011101110
11001101110, 011010011101110
00101101110, 010001011101110
10101101110, 101001011101110
01101101110, 110111011101110
11101101110, 001111011101110
00011101110, 110000111101110
10011101110, 001000111101110
01011101110, 010110111101110
11011101110, 101110111101110
00111101110, 100101111101110
10111101110, 011101111101110
01111101110, 000011111101110
11111101110, 111011111101110
00000011110, 000100000011110
10000011110, 111100000011110
01000011110, 100010000011110
11000011110, 011010000011110
00100011110, 010001000011110
10100011110, 101001000011110
01100011110, 110111000011110
11100011110, 001111000011110
00010011110, 110000100011110
10010011110, 001000100011110
01010011110, 010110100011110
11010011110, 101110100011110
00110011110, 100101100011110
10110011110, 011101100011110
01110011110, 000011100011110
11110011110, 111011100011110
00001011110, 100100011011110
10001011110, 011100011011110
01001011110, 000010011011110
11001011110, 111010011011110
00101011110, 110001011011110
10101011110, 001001011011110
01101011110, 010111011011110
11101011110, 101111011011110
00011011110, 010000111011110
10011011110, 101000111011110
01011011110, 110110111011110
11011011110, 001110111011110
00111011110, 000101111011110
10111011110, 111101111011110
01111011110, 100011111011110
11111011110, 011011111011110
00000111110, 010100010111110
10000111110, 101100010111110
01000111110, 110010010111110
11000111110, 001010010111110
00100111110, 000001010111110
10100111110, 111001010111110
01100111110, 100111010111110
11100111110, 011111010111110
00010111110, 100000110111110
10010111110, 011000110111110
01010111110, 000110110111110
11010111110, 111110110111110
00110111110, 110101110111110
10110111110, 001101110111110
01110111110, 010011110111110
11110111110, 101011110111110
00001111110, 110100001111110
10001111110, 001100001111110
01001111110, 010010001111110
11001111110, 101010001111110
00101111110, 100001001111110
10101111110, 011001001111110
01101111110, 000111001111110
11101111110, 111111001111110
00011111110, 000000101111110
10011111110, 111000101111110
01011111110, 100110101111110
11011111110, 011110101111110
00111111110, 010101101111110
10111111110, 101101101111110
01111111110, 110011101111110
11111111110, 001011101111110
00000000001, 110100010000001
10000000001, 001100010000001
01000000001, 010010010000001
11000000001, 101010010000001
00100000001, 100001010000001
10100000001, 011001010000001
01100000001, 000111010000001
11100000001, 111111010000001
00010000001, 000000110000001
10010000001, 111000110000001
01010000001, 100110110000001
11010000001, 011110110000001
00110000001, 010101110000001
10110000001, 101101110000001
01110000001, 110011110000001
11110000001, 001011110000001
00001000001, 010100001000001
10001000001, 101100001000001
01001000001, 110010001000001
11001000001, 001010001000001
00101000001, 000001001000001
10101000001, 111001001000001
01101000001, 100111001000001
11101000001, 011111001000001
00011000001, 100000101000001
10011000001, 011000101000001
01011000001, 000110101000001
11011000001, 111110101000001
00111000001, 110101101000001
10111000001, 001101101000001
01111000001, 010011101000001
11111000001, 101011101000001
00000100001, 100100000100001
10000100001, 011100000100001
01000100001, 000010000100001
11000100001, 111010000100001
00100100001, 110001000100001
10100100001, 001001000100001
01100100001, 010111000100001
11100100001, 101111000100001
00010100001, 010000100100001
10010100001, 101000100100001
01010100001, 110110100100001
11010100001, 001110100100001
00110100001, 000101100100001
10110100001, 111101100100001
01110100001, 100011100100001
11110100001, 011011100100001
00001100001, 000100011100001
10001100001, 111100011100001
01001100001, 100010011100001
11001100001, 011010011100001
00101100001, 010001011100001
10101100001, 101001011100001
01101100001, 110111011100001
11101100001, 001111011100001
00011100001, 110000111100001
10011100001, 001000111100001
01011100001, 010110111100001
11011100001, 101110111100001
00111100001, 100101111100001
10111100001, 011101111100001
01111100001, 000011111100001
11111100001, 111011111100001
00000010001, 000100000010001
10000010001, 111100000010001
01000010001, 100010000010001
11000010001, 011010000010001
00100010001, 010001000010001
10100010001, 101001000010001
01100010001, 110111000010001
11100010001, 001111000010001
00010010001, 110000100010001
10010010001, 001000100010001
01010010001, 010110100010001
11010010001, 101110100010001
00110010001, 100101100010001
10110010001, 011101100010001
01110010001, 000011100010001
11110010001, 111011100010001
00001010001, 100100011010001
10001010001, 011100011010001
01001010001, 000010011010001
11001010001, 111010011010001
00101010001, 110001011010001
10101010001, 001001011010001
01101010001, 010111011010001
11101010001, 101111011010001
00011010001, 010000111010001
10011010001, 101000111010001
01011010001, 110110111010001
11011010001, 001110111010001
00111010001, 000101111010001
10111010001, 111101111010001
01111010001, 100011111010001
11111010001, 011011111010001
00000110001, 010100010110001
10000110001, 101100010110001
01000110001, 110010010110001
11000110001, 001010010110001
00100110001, 000001010110001
10100110001, 111001010110001
01100110001, 100111010110001
11100110001, 011111010110001
00010110001, 100000110110001
10010110001, 011000110110001
01010110001, 000110110110001
11010110001, 111110110110001
00110110001, 110101110110001
10110110001, 001101110110001
01110110001, 010011110110001
11110110001, 101011110110001
00001110001, 110100001110001
10001110001, 001100001110001
01001110001, 010010001110001
11001110001, 101010001110001
00101110001, 100001001110001
10101110001, 011001001110001
01101110001, 000111001110001
11101110001, 111111001110001
00011110001, 000000101110001
10011110001, 111000101110001
01011110001, 100110101110001
11011110001, 011110101110001
00111110001, 010101101110001
10111110001, 101101101110001
01111110001, 110011101110001
11111110001, 001011101110001
00000001001, 110000000001001
10000001001, 001000000001001
01000001001, 010110000001001
11000001001, 101110000001001
00100001001, 100101000001001
10100001001, 011101000001001
01100001001, 000011000001001
11100001001, 111011000001001
00010001001, 000100100001001
10010001001, 111100100001001
01010001001, 100010100001001
11010001001, 011010100001001
00110001001, 010001100001001
10110001001, 101001100001001
01110001001, 110111100001001
11110001001, 001111100001001
00001001001, 010000011001001
10001001001, 101000011001001
01001001001, 110110011001001
11001001001, 001110011001001
00101001001, 000101011001001
10101001001, 111101011001001
01101001001, 100011011001001
11101001001, 011011011001001
00011001001, 100100111001001
10011001001, 011100111001001
01011001001, 000010111001001
11011001001, 111010111001001
00111001001, 110001111001001
10111001001, 001001111001001
01111001001, 010111111001001
11111001001, 101111111001001
00000101001, 100000010101001
10000101001, 011000010101001
01000101001, 000110010101001
11000101001, 111110010101001
00100101001, 110101010101001
10100101001, 001101010101001
01100101001, 010011010101001
11100101001, 101011010101001
00010101001, 010100110101001
10010101001, 101100110101001
01010101001, 110010110101001
11010101001, 001010110101001
00110101001, 000001110101001
10110101001, 111001110101001
01110101001, 100111110101001
11110101001, 011111110101001
00001101001, 000000001101001
10001101001, 111000001101001
01001101001, 100110001101001
11001101001, 011110001101001
00101101001, 010101001101001
10101101001, 101101001101001
01101101001, 110011001101001
11101101001, 001011001101001
00011101001, 110100101101001
10011101001, 001100101101001
01011101001, 010010101101001
11011101001, 101010101101001
00111101001, 100001101101001
10111101001, 011001101101001
01111101001, 000111101101001
11111101001, 111111101101001
00000011001, 000000010011001
10000011001, 111000010011001
01000011001, 100110010011001
11000011001, 011110010011001
00100011001, 010101010011001
10100011001, 101101010011001
01100011001, 110011010011001
11100011001, 001011010011001
00010011001, 110100110011001
10010011001, 001100110011001
01010011001, 010010110011001
11010011001, 101010110011001
00110011001, 100001110011001
10110011001, 011001110011001
01110011001, 000111110011001
11110011001, 111111110011001
00001011001, 100000001011001
10001011001, 011000001011001
01001011001, 000110001011001
11001011001, 111110001011001
00101011001, 110101001011001
10101011001, 001101001011001
01101011001, 010011001011001
11101011001, 101011001011001
00011011001, 010100101011001
10011011001, 101100101011001
01011011001, 110010101011001
11011011001, 001010101011001
00111011001, 000001101011001
10111011001, 111001101011001
01111011001, 100111101011001
11111011001, 011111101011001
00000111001, 010000000111001
10000111001, 101000000111001
01000111001, 110110000111001
11000111001, 001110000111001
00100111001, 000101000111001
10100111001, 111101000111001
01100111001, 100011000111001
11100111001, 011011000111001
00010111001, 100100100111001
10010111001, 011100100111001
01010111001, 000010100111001
11010111001, 111010100111001
00110111001, 110001100111001
10110111001, 001001100111001
01110111001, 010111100111001
11110111001, 101111100111001
00001111001, 110000011111001
10001111001, 001000011111001
01001111001, 010110011111001
11001111001, 101110011111001
00101111001, 100101011111001
10101111001, 011101011111001
01101111001, 000011011111001
11101111001, 111011011111001
00011111001, 000100111111001
10011111001, 111100111111001
01011111001, 100010111111001
11011111001, 011010111111001
00111111001, 010001111111001
10111111001, 101001111111001
01111111001, 110111111111001
11111111001, 001111111111001
00000000101, 010000000000101
10000000101, 101000000000101
01000000101, 110110000000101
11000000101, 001110000000101
00100000101, 000101000000101
10100000101, 111101000000101
01100000101, 100011000000101
11100000101, 011011000000101
00010000101, 100100100000101
10010000101, 011100100000101
01010000101, 000010100000101
11010000101, 111010100000101
00110000101, 110001100000101
10110000101, 001001100000101
01110000101, 010111100000101
11110000101, 101111100000101
00001000101, 110000011000101
10001000101, 001000011000101
01001000101, 010110011000101
11001000101, 101110011000101
00101000101, 100101011000101
10101000101, 011101011000101
01101000101, 000011011000101
11101000101, 111011011000101
00011000101, 000100111000101
10011000101, 111100111000101
01011000101, 100010111000101
11011000101, 011010111000101
00111000101, 010001111000101
10111000101, 101001111000101
01111000101, 110111111000101
11111000101, 001111111000101
00000100101, 000000010100101
10000100101, 111000010100101
01000100101, 100110010100101
11000100101, 011110010100101
00100100101, 010101010100101
10100100101, 101101010100101
01100100101, 110011010100101
11100100101, 001011010100101
00010100101, 110100110100101
10010100101, 001100110100101
01010100101, 010010110100101
11010100101, 101010110100101
00110100101, 100001110100101
10110100101, 011001110100101
01110100101, 000111110100101
11110100101, 111111110100101
00001100101, 100000001100101
10001100101, 011000001100101
01001100101, 000110001100101
11001100101, 111110001100101
00101100101, 110101001100101
10101100101, 001101001100101
01101100101, 010011001100101
11101100101, 101011001100101
00011100101, 010100101100101
10011100101, 101100101100101
01011100101, 110010101100101
11011100101, 001010101100101
00111100101, 000001101100101
10111100101, 111001101100101
01111100101, 100111101100101
11111100101, 011111101100101
00000010101, 100000010010101
10000010101, 011000010010101
01000010101, 000110010010101
11000010101, 111110010010101
00100010101, 110101010010101
10100010101, 001101010010101
01100010101, 010011010010101
11100010101, 101011010010101
00010010101, 010100110010101
10010010101, 101100110010101
01010010101, 110010110010101
11010010101, 001010110010101
00110010101, 000001110010101
10110010101, 111001110010101
01110010101, 100111110010101
11110010101, 011111110010101
00001010101, 000000001010101
10001010101, 111000001010101
01001010101, 100110001010101
11001010101, 011110001010101
00101010101, 010101001010101
10101010101, 101101001010101
01101010101, 110011001010101
11101010101, 001011001010101
00011010101, 110100101010101
10011010101, 001100101010101
01011010101, 010010101010101
11011010101, 101010101010101
00111010101, 100001101010101
10111010101, 011001101010101
01111010101, 000111101010101
11111010101, 111111101010101
00000110101, 110000000110101
10000110101, 001000000110101
01000110101, 010110000110101
11000110101, 101110000110101
00100110101, 100101000110101
10100110101, 011101000110101
01100110101, 000011000110101
11100110101, 111011000110101
00010110101, 000100100110101
10010110101, 111100100110101
01010110101, 100010100110101
11010110101, 011010100110101
00110110101, 010001100110101
10110110101, 101001100110101
01110110101, 110111100110101
11110110101, 001111100110101
00001110101, 010000011110101
10001110101, 101000011110101
01001110101, 110110011110101
11001110101, 001110011110101
00101110101, 000101011110101
10101110101, 111101011110101
01101110101, 100011011110101
11101110101, 011011011110101
00011110101, 100100111110101
10011110101, 011100111110101
01011110101, 000010111110101
11011110101, 111010111110101
00111110101, 110001111110101
10111110101, 001001111110101
01111110101, 010111111110101
11111110101, 101111111110101
00000001101, 010100010001101
10000001101, 101100010001101
01000001101, 110010010001101
11000001101, 001010010001101
00100001101, 000001010001101
10100001101, 111001010001101
01100001101, 100111010001101
11100001101, 011111010001101
00010001101, 100000110001101
10010001101, 011000110001101
01010001101, 000110110001101
11010001101, 111110110001101
00110001101, 110101110001101
10110001101, 001101110001101
01110001101, 010011110001101
11110001101, 101011110001101
00001001101, 110100001001101
10001001101, 001100001001101
01001001101, 010010001001101
11001001101, 101010001001101
00101001101, 100001001001101
10101001101, 011001001001101
01101001101, 000111001001101
11101001101, 111111001001101
00011001101, 000000101001101
10011001101, 111000101001101
01011001101, 100110101001101
11011001101, 011110101001101
00111001101, 010101101001101
10111001101, 101101101001101
01111001101, 110011101001101
11111001101, 001011101001101
00000101101, 000100000101101
10000101101, 111100000101101
01000101101, 100010000101101
11000101101, 011010000101101
00100101101, 010001000101101
10100101101, 101001000101101
01100101101, 110111000101101
11100101101, 001111000101101
00010101101, 110000100101101
10010101101, 001000100101101
01010101101, 010110100101101
11010101101, 101110100101101
00110101101, 100101100101101
10110101101, 011101100101101
01110101101, 000011100101101
11110101101, 111011100101101
00001101101, 100100011101101
10001101101, 011100011101101
01001101101, 000010011101101
11001101101, 111010011101101
00101101101, 110001011101101
10101101101, 001001011101101
01101101101, 010111011101101
11101101101, 101111011101101
00011101101, 010000111101101
10011101101, 101000111101101
01011101101, 110110111101101
11011101101, 001110111101101
00111101101, 000101111101101
10111101101, 111101111101101
01111101101, 100011111101101
11111101101, 011011111101101
00000011101, 100100000011101
10000011101, 011100000011101
01000011101, 000010000011101
11000011101, 111010000011101
00100011101, 110001000011101
10100011101, 001001000011101
01100011101, 010111000011101
11100011101, 101111000011101
00010011101, 010000100011101
10010011101, 101000100011101
01010011101, 110110100011101
11010011101, 001110100011101
00110011101, 000101100011101
10110011101, 111101100011101
01110011101, 100011100011101
11110011101, 011011100011101
00001011101, 000100011011101
10001011101, 111100011011101
01001011101, 100010011011101
11001011101, 011010011011101
00101011101, 010001011011101
10101011101, 101001011011101
01101011101, 110111011011101
11101011101, 001111011011101
00011011101, 110000111011101
10011011101, 001000111011101
01011011101, 010110111011101
11011011101, 101110111011101
00111011101, 100101111011101
10111011101, 011101111011101
01111011101, 000011111011101
11111011101, 111011111011101
00000111101, 110100010111101
10000111101, 001100010111101
01000111101, 010010010111101
11000111101, 101010010111101
00100111101, 100001010111101
10100111101, 011001010111101
01100111101, 000111010111101
11100111101, 111111010111101
00010111101, 000000110111101
10010111101, 111000110111101
01010111101, 100110110111101
11010111101, 011110110111101
00110111101, 010101110111101
10110111101, 101101110111101
01110111101, 110011110111101
11110111101, 001011110111101
00001111101, 010100001111101
10001111101, 101100001111101
01001111101, 110010001111101
11001111101, 001010001111101
00101111101, 000001001111101
10101111101, 111001001111101
01101111101, 100111001111101
11101111101, 011111001111101
00011111101, 100000101111101
10011111101, 011000101111101
01011111101, 000110101111101
11011111101, 111110101111101
00111111101, 110101101111101
10111111101, 001101101111101
01111111101, 010011101111101
11111111101, 101011101111101
00000000011, 100000000000011
10000000011, 011000000000011
01000000011, 000110000000011
11000000011, 111110000000011
00100000011, 110101000000011
10100000011, 001101000000011
01100000011, 010011000000011
11100000011, 101011000000011
00010000011, 010100100000011
10010000011, 101100100000011
01010000011, 110010100000011
11010000011, 001010100000011
00110000011, 000001100000011
10110000011, 111001100000011
01110000011, 100111100000011
11110000011, 011111100000011
00001000011, 000000011000011
10001000011, 111000011000011
01001000011, 100110011000011
11001000011, 011110011000011
00101000011, 010101011000011
10101000011, 101101011000011
01101000011, 110011011000011
11101000011, 001011011000011
00011000011, 110100111000011
10011000011, 001100111000011
01011000011, 010010111000011
11011000011, 101010111000011
00111000011, 100001111000011
10111000011, 011001111000011
01111000011, 000111111000011
11111000011, 111111111000011
00000100011, 110000010100011
10000100011, 001000010100011
01000100011, 010110010100011
11000100011, 101110010100011
00100100011, 100101010100011
10100100011, 011101010100011
01100100011, 000011010100011
11100100011, 111011010100011
00010100011, 000100110100011
10010100011, 111100110100011
01010100011, 100010110100011
11010100011, 011010110100011
00110100011, 010001110100011
10110100011, 101001110100011
01110100011, 110111110100011
11110100011, 001111110100011
00001100011, 010000001100011
10001100011, 101000001100011
01001100011, 110110001100011
11001100011, 001110001100011
00101100011, 000101001100011
10101100011, 111101001100011
01101100011, 100011001100011
11101100011, 011011001100011
00011100011, 100100101100011
10011100011, 011100101100011
01011100011, 000010101100011
11011100011, 111010101100011
00111100011, 110001101100011
10111100011, 001001101100011
01111100011, 010111101100011
11111100011, 101111101100011
00000010011, 010000010010011
10000010011, 101000010010011
01000010011, 110110010010011
11000010011, 001110010010011
00100010011, 000101010010011
10100010011, 111101010010011
01100010011, 100011010010011
11100010011, 011011010010011
00010010011, 100100110010011
10010010011, 011100110010011
01010010011, 000010110010011
11010010011, 111010110010011
00110010011, 110001110010011
10110010011, 001001110010011
01110010011, 010111110010011
11110010011, 101111110010011
00001010011, 110000001010011
10001010011, 001000001010011
01001010011, 010110001010011
11001010011, 101110001010011
00101010011, 100101001010011
10101010011, 011101001010011
01101010011, 000011001010011
11101010011, 111011001010011
00011010011, 000100101010011
10011010011, 111100101010011
01011010011, 100010101010011
11011010011, 011010101010011
00111010011, 010001101010011
10111010011, 101001101010011
01111010011, 110111101010011
11111010011, 001111101010011
00000110011, 000000000110011
10000110011, 111000000110011
01000110011, 100110000110011
11000110011, 011110000110011
00100110011, 010101000110011
10100110011, 101101000110011
01100110011, 110011000110011
11100110011, 001011000110011
00010110011, 110100100110011
10010110011, 001100100110011
01010110011, 010010100110011
11010110011, 101010100110011
00110110011, 100001100110011
10110110011, 011001100110011
01110110011, 000111100110011
11110110011, 111111100110011
00001110011, 100000011110011
10001110011, 011000011110011
01001110011, 000110011110011
11001110011, 111110011110011
00101110011, 110101011110011
10101110011, 001101011110011
01101110011, 010011011110011
11101110011, 101011011110011
00011110011, 010100111110011
10011110011, 101100111110011
01011110011, 110010111110011
11011110011, 001010111110011
00111110011, 000001111110011
10111110011, 111001111110011
01111110011, 100111111110011
11111110011, 011111111110011
00000001011, 100100010001011
10000001011, 011100010001011
01000001011, 000010010001011
11000001011, 111010010001011
00100001011, 110001010001011
10100001011, 001001010001011
01100001011, 010111010001011
11100001011, 101111010001011
00010001011, 010000110001011
10010001011, 101000110001011
01010001011, 110110110001011
11010001011, 001110110001011
00110001011, 000101110001011
10110001011, 111101110001011
01110001011, 100011110001011
11110001011, 011011110001011
00001001011, 000100001001011
10001001011, 111100001001011
01001001011, 100010001001011
11001001011, 011010001001011
00101001011, 010001001001011
10101001011, 101001001001011
01101001011, 110111001001011
11101001011, 001111001001011
00011001011, 110000101001011
10011001011, 001000101001011
01011001011, 010110101001011
11011001011, 101110101001011
00111001011, 100101101001011
10111001011, 011101101001011
01111001011, 000011101001011
11111001011, 111011101001011
00000101011, 110100000101011
10000101011, 001100000101011
01000101011, 010010000101011
11000101011, 101010000101011
00100101011, 100001000101011
10100101011, 011001000101011
01100101011, 000111000101011
11100101011, 111111000101011
00010101011, 000000100101011
10010101011, 111000100101011
01010101011, 100110100101011
11010101011, 011110100101011
00110101011, 010101100101011
10110101011, 101101100101011
01110101011, 110011100101011
11110101011, 001011100101011
00001101011, 010100011101011
10001101011, 101100011101011
01001101011, 110010011101011
11001101011, 001010011101011
00101101011, 000001011101011
10101101011, 111001011101011
01101101011, 100111011101011
11101101011, 011111011101011
00011101011, 100000111101011
10011101011, 011000111101011
01011101011, 000110111101011
11011101011, 111110111101011
00111101011, 110101111101011
10111101011, 001101111101011
01111101011, 010011111101011
11111101011, 101011111101011
00000011011, 010100000011011
10000011011, 101100000011011
01000011011, 110010000011011
11000011011, 001010000011011
00100011011, 000001000011011
10100011011, 111001000011011
01100011011, 100111000011011
11100011011, 011111000011011
00010011011, 100000100011011
10010011011, 011000100011011
01010011011, 000110100011011
11010011011, 111110100011011
00110011011, 110101100011011
10110011011, 001101100011011
01110011011, 010011100011011
11110011011, 101011100011011
00001011011, 110100011011011
10001011011, 001100011011011
01001011011, 010010011011011
11001011011, 101010011011011
00101011011, 100001011011011
10101011011, 011001011011011
01101011011, 000111011011011
11101011011, 111111011011011
00011011011, 000000111011011
10011011011, 111000111011011
01011011011, 100110111011011
11011011011, 011110111011011
00111011011, 010101111011011
10111011011, 101101111011011
01111011011, 110011111011011
11111011011, 001011111011011
00000111011, 000100010111011
10000111011, 111100010111011
01000111011, 100010010111011
11000111011, 011010010111011
00100111011, 010001010111011
10100111011, 101001010111011
01100111011, 110111010111011
11100111011, 001111010111011
00010111011, 110000110111011
10010111011, 001000110111011
01010111011, 010110110111011
11010111011, 101110110111011
00110111011, 100101110111011
10110111011, 011101110111011
01110111011, 000011110111011
11110111011, 111011110111011
00001111011, 100100001111011
10001111011, 011100001111011
01001111011, 000010001111011
11001111011, 111010001111011
00101111011, 110001001111011
10101111011, 001001001111011
01101111011, 010111001111011
11101111011, 101111001111011
00011111011, 010000101111011
10011111011, 101000101111011
01011111011, 110110101111011
11011111011, 001110101111011
00111111011, 000101101111011
10111111011, 111101101111011
01111111011, 100011101111011
11111111011, 011011101111011
00000000111, 000100010000111
10000000111, 111100010000111
01000000111, 100010010000111
11000000111, 011010010000111
00100000111, 010001010000111
10100000111, 101001010000111
01100000111, 110111010000111
11100000111, 001111010000111
00010000111, 110000110000111
10010000111, 001000110000111
01010000111, 010110110000111
11010000111, 101110110000111
00110000111, 100101110000111
10110000111, 011101110000111
01110000111, 000011110000111
11110000111, 111011110000111
00001000111, 100100001000111
10001000111, 011100001000111
01001000111, 000010001000111
11001000111, 111010001000111
00101000111, 110001001000111
10101000111, 001001001000111
01101000111, 010111001000111
11101000111, 101111001000111
00011000111, 010000101000111
10011000111, 101000101000111
01011000111, 110110101000111
11011000111, 001110101000111
00111000111, 000101101000111
10111000111, 111101101000111
01111000111, 100011101000111
11111000111, 011011101000111
00000100111, 010100000100111
10000100111, 101100000100111
01000100111, 110010000100111
11000100111, 001010000100111
00100100111, 000001000100111
10100100111, 111001000100111
01100100111, 100111000100111
11100100111, 011111000100111
00010100111, 100000100100111
10010100111, 011000100100111
01010100111, 000110100100111
11010100111, 111110100100111
00110100111, 110101100100111
10110100111, 001101100100111
01110100111, 010011100100111
11110100111, 101011100100111
00001100111, 110100011100111
10001100111, 001100011100111
01001100111, 010010011100111
11001100111, 101010011100111
00101100111, 100001011100111
10101100111, 011001011100111
01101100111, 000111011100111
11101100111, 111111011100111
00011100111, 000000111100111
10011100111, 111000111100111
01011100111, 100110111100111
11011100111, 011110111100111
00111100111, 010101111100111
10111100111, 101101111100111
01111100111, 110011111100111
11111100111, 001011111100111
00000010111, 110100000010111
10000010111, 001100000010111
01000010111, 010010000010111
11000010111, 101010000010111
00100010111, 100001000010111
10100010111, 011001000010111
01100010111, 000111000010111
11100010111, 111111000010111
00010010111, 000000100010111
10010010111, 111000100010111
01010010111, 100110100010111
11010010111, 011110100010111
00110010111, 010101100010111
10110010111, 101101100010111
01110010111, 110011100010111
11110010111, 001011100010111
00001010111, 010100011010111
10001010111, 101100011010111
01001010111, 110010011010111
11001010111, 001010011010111
00101010111, 000001011010111
10101010111, 111001011010111
01101010111, 100111011010111
11101010111, 011111011010111
00011010111, 100000111010111
10011010111, 011000111010111
01011010111, 000110111010111
11011010111, 111110111010111
00111010111, 110101111010111
10111010111, 001101111010111
01111010111, 010011111010111
11111010111, 101011111010111
00000110111, 100100010110111
10000110111, 011100010110111
01000110111, 000010010110111
11000110111, 111010010110111
00100110111, 110001010110111
10100110111, 001001010110111
01100110111, 010111010110111
11100110111, 101111010110111
00010110111, 010000110110111
10010110111, 101000110110111
01010110111, 110110110110111
11010110111, 001110110110111
00110110111, 000101110110111
10110110111, 111101110110111
01110110111, 100011110110111
11110110111, 011011110110111
00001110111, 000100001110111
10001110111, 111100001110111
01001110111, 100010001110111
11001110111, 011010001110111
00101110111, 010001001110111
10101110111, 101001001110111
01101110111, 110111001110111
11101110111, 001111001110111
00011110111, 110000101110111
10011110111, 001000101110111
01011110111, 010110101110111
11011110111, 101110101110111
00111110111, 100101101110111
10111110111, 011101101110111
01111110111, 000011101110111
11111110111, 111011101110111
00000001111, 000000000001111
10000001111, 111000000001111
01000001111, 100110000001111
11000001111, 011110000001111
00100001111, 010101000001111
10100001111, 101101000001111
01100001111, 110011000001111
11100001111, 001011000001111
00010001111, 110100100001111
10010001111, 001100100001111
01010001111, 010010100001111
11010001111, 101010100001111
00110001111, 100001100001111
10110001111, 011001100001111
01110001111, 000111100001111
11110001111, 111111100001111
00001001111, 100000011001111
10001001111, 011000011001111
01001001111, 000110011001111
11001001111, 111110011001111
00101001111, 110101011001111
10101001111, 001101011001111
01101001111, 010011011001111
11101001111, 101011011001111
00011001111, 010100111001111
10011001111, 101100111001111
01011001111, 110010111001111
11011001111, 001010111001111
00111001111, 000001111001111
10111001111, 111001111001111
01111001111, 100111111001111
11111001111, 011111111001111
00000101111, 010000010101111
10000101111, 101000010101111
01000101111, 110110010101111
11000101111, 001110010101111
00100101111, 000101010101111
10100101111, 111101010101111
01100101111, 100011010101111
11100101111, 011011010101111
00010101111, 100100110101111
10010101111, 011100110101111
01010101111, 000010110101111
11010101111, 111010110101111
00110101111, 110001110101111
10110101111, 001001110101111
01110101111, 010111110101111
11110101111, 101111110101111
00001101111, 110000001101111
10001101111, 001000001101111
01001101111, 010110001101111
11001101111, 101110001101111
00101101111, 100101001101111
10101101111, 011101001101111
01101101111, 000011001101111
11101101111, 111011001101111
00011101111, 000100101101111
10011101111, 111100101101111
01011101111, 100010101101111
11011101111, 011010101101111
00111101111, 010001101101111
10111101111, 101001101101111
01111101111, 110111101101111
11111101111, 001111101101111
00000011111, 110000010011111
10000011111, 001000010011111
01000011111, 010110010011111
11000011111, 101110010011111
00100011111, 100101010011111
10100011111, 011101010011111
01100011111, 000011010011111
11100011111, 111011010011111
00010011111, 000100110011111
10010011111, 111100110011111
01010011111, 100010110011111
11010011111, 011010110011111
00110011111, 010001110011111
10110011111, 101001110011111
01110011111, 110111110011111
11110011111, 001111110011111
00001011111, 010000001011111
10001011111, 101000001011111
01001011111, 110110001011111
11001011111, 001110001011111
00101011111, 000101001011111
10101011111, 111101001011111
01101011111, 100011001011111
11101011111, 011011001011111
00011011111, 100100101011111
10011011111, 011100101011111
01011011111, 000010101011111
11011011111, 111010101011111
00111011111, 110001101011111
10111011111, 001001101011111
01111011111, 010111101011111
11111011111, 101111101011111
00000111111, 100000000111111
10000111111, 011000000111111
01000111111, 000110000111111
11000111111, 111110000111111
00100111111, 110101000111111
10100111111, 001101000111111
01100111111, 010011000111111
11100111111, 101011000111111
00010111111, 010100100111111
10010111111, 101100100111111
01010111111, 110010100111111
11010111111, 001010100111111
00110111111, 000001100111111
10110111111, 111001100111111
01110111111, 100111100111111
11110111111, 011111100111111
00001111111, 000000011111111
10001111111, 111000011111111
01001111111, 100110011111111
11001111111, 011110011111111
00101111111, 010101011111111
10101111111, 101101011111111
01101111111, 110011011111111
11101111111, 001011011111111
00011111111, 110100111111111
10011111111, 001100111111111
01011111111, 010010111111111
11011111111, 101010111111111
00111111111, 100001111111111
10111111111, 011001111111111
01111111111, 000111111111111
11111111111, 111111111111111